 0.577739296615502  0.36480201240586  1.318909354162213  0.530745606677309  1.177607033196864  0.279174788467111  
 -0.839578266364988  -0.378396502067425  0.741431950733731  3.420498531258265  -0.029708769550532  -0.006113340164022  
 0.287063556606475  -1.170412715728625  -0.459604502987128  1.118723673469369  -0.712149197836188  -0.281633732843197  
 0.121474155060917  -0.525901917292006  -0.478778964855351  0.291914605518526  -0.141371698899919  -0.929991950773385  
 -0.017559838694596  -0.050448373149514  -3.381897564963545  0.071857169973141  -0.139735254297427  -0.016408565919342  
 0.061221955872117  -1.158090327090918  -0.143579510332362  -3.171292275778967  -2.078722271047108  -0.2099671470734  
 0.284872559605997  -1.021450857962388  -0.49236695086266  -1.095118394447858  -1.566440854272596  0.191517393180694  
 -0.526353686978408  -1.167036170493288  -0.187032676966528  0.935337817766746  -1.123466878119092  -0.433972084392229  
 0.543725766548193  -1.089351285318377  -0.725904622166933  -0.658271720208572  -1.484857932547301  -0.281063176364276  
 0.008058500708986  -1.069193528178423  -0.030649557355871  -8.449486616517992  -1.700457212974302  -0.51672924726089  
 0.468576521992768  0.86225837341494  -0.654193728290914  -2.729228779726665  -2.806676450408779  -0.50699612505684  
 0.161721884546187  -0.406057209459314  -0.646494684947232  1.438734883123415  0.13854075990974  0.31301557251088  
 0.600215817411941  0.665383992089364  -0.63416270497721  -2.345399291678224  -2.9088155137116  -0.456669662038281  
 -0.398210209755173  -0.488281120111609  2.191476288558438  2.126589113185838  0.966685063567495  0.043684264364885  
 -0.030690714208931  -0.406735929759648  -0.230485544824226  1.097362496582178  -0.066300472127542  -0.554489261660661  
 0.353367121732586  -0.254275628481591  -0.76225962940799  3.097338664752718  0.028979790764896  -0.752782414614103  
 0.433749217345842  -0.684673999221812  -0.685845525531516  1.090024897772241  0.021219446085162  0.021636346022023  
 -0.665735504566998  0.905682778554172  0.633994984711044  0.551742068621788  1.519454264999029  -0.15627477059454  
 -0.038796112314585  1.076216717337046  -0.825691015735533  -0.809142346036502  -0.975799759546187  -0.473339310092979  
 0.446381139638723  -0.296811866573782  -0.803629662916175  3.413657552720172  0.054631178201507  -1.138080370340223  
 -0.696467072657822  -0.586241508333827  0.559043490016027  1.537837246094041  -0.145506329632145  -0.13935529011854  
 0.455887639880311  -0.526833845620239  -0.488632254894506  -1.376522177412964  0.465017387670366  0.220403918699748  
 0.779564757949549  -1.087499078151688  -0.931199238724953  -0.37462582963622  -0.020807492023271  -0.096992615633671  
 0.251414719873395  -1.16876771760065  -0.540194717548044  -0.609562104659726  -2.18252812689738  -0.341970748588511  
 -0.002702641852643  -0.728027483966623  -0.257008088894586  0.002357876281161  -0.871443585070177  -0.08874997282509  
 0.225543020785034  -0.442633655955038  -0.734109220396171  0.853574588991114  0.154909409446326  -0.568907415605138  
 -0.326598594039228  -0.190904919851986  -0.162837517462372  8.094063279767193  0.250955763396014  0.111973151392174  
 0.4929368276949  -0.301249415648155  -0.817341666836425  3.614809149630531  0.029366374465673  -1.327906843676313  
 0.254770521195832  -0.283474441373207  -0.73178955040032  2.750510545800161  0.157462010940399  -0.143600184859073  
 0.675558883788327  0.500783708233544  -0.633120221935511  -1.745730773334296  -2.906907255262786  -0.377391706809615  
 0.387071561152176  -0.291650217321996  -0.784950046540488  3.164862798929071  0.08740841833953  -0.878334977277496  
 -2.627102240724649  0.078770051718374  -0.006306013396358  -0.024189819387966  0.031475151712836  0.065666403280857  
 -0.344317068088799  -0.190039624930709  -0.142855504479063  8.196776944827237  0.249715920562343  0.10988278618366  
 -1.170476209199126  -0.170712382672496  1.038788269435308  10.585954547350145  0.20726489512513  0.064793501596819  
 0.656889774485164  1.009702242396779  -1.503593816064203  -0.23083583229636  1.059802232929915  0.047838356600411  
 0.174575467751591  -0.356968836276332  -0.672194326109733  1.825404294725173  0.136064169023028  0.399663690073619  
 0.135090857616445  0.654364264853994  -0.930140526904383  1.808186883597199  -0.131400675231109  -0.274250965339362  
 0.066509998641655  -1.113180635628618  -0.124744205730496  -4.129204997447228  -2.24550905528077  -0.537035439917634  
 0.052000941607351  -4.187793668976839  -0.093954971314386  -0.040098708254868  0.060200568780177  0.049184817855449  
 -0.384758597990867  0.240151316396118  0.259574894304137  0.052345668481917  0.021756067600526  0.036494002634463  
 -0.9496043487903  -0.294642675953554  0.933143824804099  4.846531048792728  0.031779958757153  0.044085152962012  
 -0.513512141622168  -0.663322315510871  -0.345684141464899  -0.544752964283277  -0.199348654023021  -0.069343947840589  
 -0.147715877658163  -0.137847056586809  0.519002201686035  -0.81893099824914  0.814517216354192  -0.381079203962102  
 -0.352497111997417  0.211410840637369  0.224016073307244  1.007219249052409  0.046646846172278  -0.130883773049865  
 -0.285678973528675  0.352536050132551  -0.287013019371255  -0.247100748184672  0.527142213642225  0.43794986320659  
 -0.480586972159899  0.302821864413237  0.488977601531796  0.367944819227344  -1.885838597623759  -0.28922891813145  
 0.040883012167856  -1.21121221629  -0.19844140851846  -2.173309025249773  -2.251650205986686  -0.062020702177717  
 -0.047878064578809  0.332623830404475  -0.462833106160332  -1.186886226328104  -1.553680328466275  -0.218222514833004  
 -0.031450559380997  0.838964347021116  -1.429430504618531  0.462860965910763  0.425938848123677  0.263676275007881  
 0.151270444434554  -0.886340828938803  -0.337156862492473  -2.292712310183083  -0.856436484110062  0.13474957526503  
 0.061963737521786  -0.786071539838896  -0.760391047485215  0.114386885942747  3.247341852731722  -0.119944773648415  
 -0.219915469625617  -0.62464703219635  -0.276261756865753  0.348769778157179  0.239111342976674  0.678633907381688  
 1.357816398981088  0.639815270541873  -1.189131780446365  -2.014177051533041  0.060482603638121  -0.245693085367951  
 -0.249074007644993  -0.836504150274033  0.984100764147841  0.99176812945905  -0.292679270071117  -0.304139504325273  
 0.174368017520032  -1.056514601489333  -0.201191074288665  -3.010796602910186  -2.728783891196509  -0.877357379185521  
 -1.400863608004426  -0.151264448841782  1.294861026017208  14.774353999911385  0.371387153177501  0.046510954044298  
 -0.004943870963242  0.293637008736924  0.158032146937629  0.196928360943084  0.389259524298499  0.132918671044628  
 -0.716662004535817  -0.42110396058204  1.969127244627034  3.230171524953269  0.683905257473096  0.040155869081459  
 0.337373828585744  -0.287720683642584  -0.767081908814244  2.9710829981767  0.112902046862304  -0.640081226522553  
 -1.075867303103811  -0.196124907178188  0.96069516287024  8.13429788888003  0.097876548467491  0.072185388848856  
 -0.756868501845973  -1.03312258037087  -1.205489675411792  -0.341287091376902  1.367282355418201  0.192354697887263  
 -1.041472147460211  -0.220462600174668  0.958703540367636  6.915054344152382  0.059052873345051  0.069984958703455  
 0.142300973682369  -0.493715418857844  0.792312244464035  0.437526867769169  0.389884177464348  0.151824380011441  
 0.381749206400599  -0.14560926198242  -0.465266250771509  -0.701631321868313  1.660869357962825  0.658509180332857  
 -0.371134527241616  0.518384250132498  0.410003161586691  -0.724630298030106  1.258538662245388  -0.143371703680463  
 -0.590904599571934  -1.123538832347626  -0.12836423688847  0.456025071807558  -0.971074279346625  -0.445189234440927  
 0.838102824707261  -0.160433198746739  1.993550985526628  0.219351996026708  1.805489873861869  0.170737027441086  
 -0.212437270876071  0.499826983220182  -0.356931235130331  0.646014646150175  -1.493271324517211  -0.052609507095137  
 -1.164040150752691  -0.171487049137076  1.031117672798583  10.468526485530296  0.201670376172516  0.065309578998843  
 0.640343024505876  0.749485470323417  -0.398000012456532  -0.197315357142888  -1.18567350512425  -0.036547764498961  
 0.455290628949746  -0.996682206487039  -0.64027256095708  -0.820666673017353  -1.502177631261605  0.152114542066331  
 0.022046457278402  -1.062116553734765  -0.044310401563896  -7.923116834322894  -1.763576647757806  -0.545931576546123  
 0.052204315763714  -1.055490500404144  -0.075253961762354  -6.66623497873595  -1.931030914640736  -0.59770760609286  
 0.027546661097965  -0.997307556701072  0.931228728627617  0.824985346906503  -0.79879864210217  -0.522818522762574  
 0.716104402668682  0.415582350679438  0.207756138919516  -1.0694694323463  -0.236805526981045  0.096413948561824  
 0.185650008183667  -0.039973343512557  0.508006514420574  -0.255846298774271  0.241109580643783  -0.019039345115434  
 0.071562745716792  -1.067427059424005  -0.102522368981235  -5.44356263949584  -2.103536322301759  -0.613535322627714  
 0.970396625459726  0.1898291258826  -0.793217081592396  -1.377360248200592  -2.228507489036832  -0.226238259974719  
 -0.232141783339805  -0.549967839714569  -0.321509806474215  0.268553749698811  0.082323161115334  1.059247326790769  
 0.205112096912156  -0.270839623753977  -0.700266006098565  3.071219903530748  0.196680886011015  0.338366664893728  
 0.444369314211184  0.5394778696179  -0.593082847280868  -0.890061558142355  -2.797671414383015  -0.216338218351844  
 -1.276351400735217  -0.094207824444882  -0.325499817922146  3.457571482497354  -0.165817408172  0.144676343767072  
 0.037668022172578  0.050396277192387  -0.85837794722991  1.078709828738378  -1.179001044612128  0.21499075859553  
 0.189551796365068  -0.292661516550572  -0.685303358570454  2.829312119879968  0.186135028050196  0.557621799193029  
 0.307426918706072  -0.242648479011099  -0.536500675212424  1.103664828006365  -0.580487936952305  -0.518200620828503  
 0.495415218257807  -0.315793158948306  -0.560231822228178  0.471150075185933  0.823335744455845  0.243157937244943  
 0.238441014164608  -0.282153990449833  -0.723290358957124  2.750037336462124  0.167072085120639  -0.003100071801093  
 -0.515786133815231  0.17618881057905  0.259524928506412  0.945676241219544  0.896456836874206  0.117326720065308  
 -0.08731652513247  -0.291831486471338  -0.092947174909537  2.723847604076803  -0.077778787070632  -0.287502791746024  
 -0.735005492268909  -0.059945125918544  -0.568941585783969  2.849402078332382  0.273625829602798  0.138693215291586  
 0.302727623569067  -0.286136547191467  -0.753338483712698  2.85196861268205  0.131519852933756  -0.454767746422297  
 0.108053139259059  -0.353981644783447  -0.626370978281938  1.408920670114594  0.14300990871177  -0.109037622390768  
 0.006003232157463  -1.232602916817761  -0.163345698581569  -2.321775355793676  -2.544712145650465  -0.413095022944811  
 0.276282241962728  -0.284881224735465  -0.741848750841652  2.782198674140654  0.145590155023437  -0.29529195266433  
 0.822488803360089  0.005498433202169  -1.564099744499153  -0.189520421939817  -1.466409595622114  0.112462085754964  
 0.463918922665083  -0.008071656975637  -0.495743554993691  -0.845850818890365  -0.6533797287117  -0.087495123702144  
 0.137626496474963  0.76737538202975  -1.207663355724944  0.231624854880772  0.708869825270077  -0.071150495884325  
 -0.106661228405277  1.046665870947527  -1.362077966456989  0.625872478671948  0.107836783646556  0.577304279533526  
 -0.99174412800381  -0.540167162227647  0.443804527270521  -0.114870690389039  1.660173308524129  0.061951503772172  
 -0.344027446888542  -0.9723005378388  -0.039931175625579  0.166929688667627  0.168199598407611  0.311138200462158  
